100
    1367.1 	     425.1 
     979.4 	     898.9 
     155.6 	     554.7 
     380.8 	     121.4 
    1918.6 	     935.7 
    1124.1 	     994.0 
    1699.4 	     840.5 
     127.9 	     307.3 
     758.9 	     132.6 
    1611.9 	      48.3 
    1077.3 	     349.0 
     551.3 	     714.9 
     674.5 	     137.3 
     867.2 	      41.5 
    1303.6 	     764.9 
     104.6 	     805.8 
    1871.4 	     414.9 
    1043.7 	     803.4 
       7.1 	     185.5 
    1009.3 	     619.6 
     213.5 	     439.2 
    1290.4 	     847.1 
      11.7 	     928.5 
    1488.8 	     109.6 
    1207.9 	     332.1 
     335.6 	     930.3 
    1906.7 	       0.1 
    1103.4 	     413.1 
    1008.3 	     738.9 
    1089.6 	     822.7 
     860.2 	     971.9 
    1188.4 	     179.5 
    1973.5 	     332.7 
    1575.3 	     556.5 
     942.6 	     528.8 
     953.6 	     363.7 
     847.2 	     606.0 
    1045.9 	     716.4 
     762.0 	     210.5 
    1175.4 	     571.6 
    1530.1 	     559.5 
     955.8 	     726.1 
    1133.1 	     334.5 
    1332.4 	      11.9 
    1942.5 	     664.1 
     796.5 	     263.1 
    1082.0 	     875.9 
    1525.6 	     847.2 
    1555.2 	       6.9 
     567.7 	     811.2 
     915.8 	     293.6 
     379.7 	     668.4 
     858.0 	     883.4 
    1684.6 	     375.9 
     940.3 	     220.0 
    1421.4 	     465.5 
    1077.1 	     616.4 
     836.8 	     746.8 
    1193.5 	     322.3 
    1042.1 	     774.0 
    1723.6 	      15.3 
    1159.6 	     610.9 
     166.2 	     946.1 
     212.6 	     203.9 
     599.3 	     417.5 
    1013.4 	     790.5 
    1725.6 	     775.4 
     546.9 	     777.6 
    1398.4 	     502.7 
     704.6 	     897.1 
     539.0 	     281.1 
     331.9 	       7.0 
     380.3 	     245.4 
    1147.7 	     526.3 
    1347.5 	     258.9 
    1711.5 	     431.8 
    1256.3 	     200.5 
    1328.8 	     548.4 
    1976.7 	      24.3 
    1630.6 	      44.7 
    1600.9 	     402.7 
    1586.3 	     128.3 
    1435.8 	     566.3 
    1435.0 	     178.5 
      87.1 	     154.6 
     293.8 	     391.7 
     672.5 	      67.8 
     530.4 	     679.0 
    1629.4 	     870.3 
    1179.4 	     479.7 
    1280.1 	      66.7 
     331.6 	     607.1 
     245.2 	     504.3 
    1927.4 	     440.1 
     828.1 	     216.7 
    1279.8 	     982.3 
    1887.1 	     318.1 
    1110.3 	     603.8 
     576.4 	     155.5 
    1138.0 	     798.1 
